%YAML:1.0
---
model_type: KANNALA_BRANDT
camera_name: kannala-brandt
image_width: 752
image_height: 480
# default values from github
# projection_parameters:
#    k2: -2.2368203738418631e-02
#    k3: 4.1239980859778176e-04
#    k4: -2.3713766057206487e-03
#    k5: -1.3284941050433785e-03
#    mu: 3.6672158631575843e+02
#    mv: 3.6692874050711691e+02
#    u0: 3.7265840994819001e+02
#    v0: 2.3985722080667881e+02

# get projection parameters by: ./samples/_output/bin/tutorials/get_img_params
projection_parameters:
   k2: -3.0295043972702430e-02
   k3: 2.4561318321807937e-02
   k4: -3.6880661026627161e-02
   k5: 1.6260835921347763e-02
   mu: 3.6752449489660700e+02
   mv: 3.6753022271275870e+02
   u0: 3.6807304293979439e+02
   v0: 2.3071178789661894e+02
