%YAML:1.0
---
model_type: KANNALA_BRANDT
camera_name: kannala-brandt
image_width: 752
image_height: 480
# default values from github
# projection_parameters:
#    k2: -2.9260838676861800e-02
#    k3: 1.4617098474576229e-02
#    k4: -1.7343161936389722e-02
#    k5: 5.1386062969849102e-03
#    mu: 3.6602443795088459e+02
#    mv: 3.6627992234532695e+02
#    u0: 3.7260775567019789e+02
#    v0: 2.4865592525297726e+02

# get projection parameters by: ./samples/_output/bin/tutorials/get_img_params
projection_parameters:
   k2: -2.4643677739629870e-02
   k3: -6.0922379726975737e-04
   k4: 1.2186411864199048e-03
   k5: -2.1993465605128935e-03
   mu: 3.6598150697223053e+02
   mv: 3.6601765725617969e+02
   u0: 3.8244971238289776e+02
   v0: 2.3476947091629174e+02